    1       0.0000       0.0000       0.0000       0.0000       0.0000       0.0000       0.0000       0.0000       0.0000
    2      -0.4000      -0.3727      -0.9577      -0.9459      -1.5949      -2.2728      -2.4252      -2.4995      -2.8904
    3 -100000.0000      -0.7460      -1.9199      -1.9001      -3.2493      -4.6422      -4.9662      -5.1291      -5.9397
    4 -100000.0000      -1.1207      -2.8911      -2.8708      -5.0252      -7.2086      -7.7447      -8.0254      -9.3153
    5 -100000.0000      -1.4974      -3.8758      -3.8663      -6.9888     -10.0812     -10.8935     -11.3392     -13.2029
    6 -100000.0000      -1.8768      -4.8788      -4.8955      -9.2138     -13.3820     -14.5632     -15.2430     -17.8163
    7 -100000.0000      -2.2596      -5.9046      -5.9671     -11.7834     -17.2514     -18.9295     -19.9403     -23.4095
    8 -100000.0000      -2.6465      -6.9581      -7.0906     -14.7939     -21.8540     -24.2017     -25.6759     -30.2903
    9 -100000.0000      -3.0381      -8.0442      -8.2757     -18.3581     -27.3859     -30.6323     -32.7489     -38.8378
   10 -100000.0000      -3.4352      -9.1682      -9.5326     -22.6100     -34.0826     -38.5299     -41.5284     -49.5230
   11 -100000.0000      -3.8385     -10.3351     -10.8725     -27.7089     -42.2296     -48.2731     -52.4726     -62.9349
   12 -100000.0000      -4.2488     -11.5506     -12.3068     -33.8467     -52.1739     -60.3294     -66.1529     -79.8128
   13 -100000.0000      -4.6667     -12.8203     -13.8482     -41.2537     -64.3397     -75.2776     -83.2835    -101.0875
   14 -100000.0000      -5.0930     -14.1502     -15.5101     -50.2086     -79.2458     -93.8350    -104.7594    -127.9323
   15 -100000.0000      -5.5286     -15.5466     -17.3070     -61.0481     -97.5279    -116.8928    -131.7022    -161.8279
   16 -100000.0000      -5.9741     -17.0160     -19.2545     -74.1799    -119.9660    -145.5580    -165.5195    -204.6440
   17 -100000.0000      -6.4305     -18.5654     -21.3698     -90.0980    -147.5175    -181.2072    -207.9783    -258.7428
   18 -100000.0000      -6.8984     -20.2022     -23.6712    -109.4013    -181.3580    -225.5524    -261.2970    -327.1089
   19 -100000.0000      -7.3789     -21.9339     -26.1790    -132.8163    -222.9316    -280.7236    -328.2618    -413.5143
   20 -100000.0000      -7.8727     -23.7688     -28.9151    -161.2242    -274.0126    -349.3707    -412.3722    -522.7265
   21 -100000.0000      -8.3808     -25.7155     -31.9034    -195.6944    -336.7810    -434.7911    -518.0237    -660.7715
   22 -100000.0000      -8.9041     -27.7833     -35.1701    -237.5243    -413.9160    -541.0880    -650.7377    -835.2664
   23 -100000.0000      -9.4435     -29.9819     -38.7438    -288.2887    -508.7098    -673.3676    -817.4502   -1055.8398
   24 -100000.0000     -10.0000     -32.3218     -42.6559    -349.8988    -625.2088    -837.9843   -1026.8740   -1334.6630
   25 -100000.0000 -100000.0000     -34.8139     -46.9407    -424.6740    -768.3857   -1042.8463   -1289.9545   -1687.1219
   26 -100000.0000 -100000.0000     -37.4701     -51.6356    -515.4297    -944.3523   -1297.7950   -1620.4416   -2132.6655
   27 -100000.0000 -100000.0000     -40.3029     -56.7820    -625.5831   -1160.6199   -1615.0782   -2035.6081   -2695.8800
   28 -100000.0000 -100000.0000     -43.3258     -62.4250    -759.2815   -1426.4207   -2009.9386   -2557.1529   -3407.8448
   29 -100000.0000 -100000.0000     -46.5531     -68.6140    -921.5592   -1753.1011   -2501.3455   -3212.3351   -4307.8480
   30 -100000.0000 -100000.0000     -50.0000     -75.4035   -1118.5266   -2154.6065   -3112.9069   -4035.3983   -5445.5542
   31 -100000.0000 -100000.0000 -100000.0000     -82.8529   -1357.6002   -2648.0767   -3874.0034   -5069.3613   -6883.7455
   32 -100000.0000 -100000.0000 -100000.0000     -91.0279   -1647.7824   -3254.5776   -4821.1993   -6368.2654   -8701.7857
   33 -100000.0000 -100000.0000 -100000.0000    -100.0000   -2000.0000   -4000.0000   -6000.0000   -8000.0000  -11000.0000
