121.99000 31.309999 121.99000 31.309999 0.5
121.99000 31.290001 121.99000 31.290001 0.5
121.99000 31.270000 121.99000 31.270000 0.5
121.99000 31.250000 121.99000 31.250000 0.5
121.99000 31.230000 121.99000 31.230000 0.5
121.99000 31.209999 121.99000 31.209999 0.5
121.99000 31.190001 121.99000 31.190001 0.5
121.99000 31.170000 121.99000 31.170000 0.5
122.01000 31.309999 122.01000 31.309999 0.5
122.01000 31.290001 122.01000 31.290001 0.5
122.01000 31.270000 122.01000 31.270000 0.5
122.01000 31.250000 122.01000 31.250000 0.5
122.01000 31.230000 122.01000 31.230000 0.5
122.01000 31.209999 122.01000 31.209999 0.5
122.01000 31.190001 122.01000 31.190001 0.5
122.01000 31.170000 122.01000 31.170000 0.5
122.01000 31.150000 122.01000 31.150000 0.5
122.01000 31.129999 122.01000 31.129999 0.5
122.03000 31.309999 122.03000 31.309999 0.5
122.03000 31.290001 122.03000 31.290001 0.5
122.03000 31.270000 122.03000 31.270000 0.5
122.03000 31.250000 122.03000 31.250000 0.5
122.03000 31.230000 122.03000 31.230000 0.5
122.03000 31.209999 122.03000 31.209999 0.5
122.03000 31.190001 122.03000 31.190001 0.5
122.03000 31.170000 122.03000 31.170000 0.5
122.03000 31.150000 122.03000 31.150000 0.5
122.05000 31.309999 122.05000 31.309999 0.5
122.05000 31.290001 122.05000 31.290001 0.5
122.05000 31.270000 122.05000 31.270000 0.5
122.05000 31.250000 122.05000 31.250000 0.5
122.05000 31.230000 122.05000 31.230000 0.5
122.05000 31.209999 122.05000 31.209999 0.5
122.05000 31.190001 122.05000 31.190001 0.5
122.05000 31.170000 122.05000 31.170000 0.5
122.05000 31.150000 122.05000 31.150000 0.5
122.07000 31.309999 122.07000 31.309999 0.5
122.07000 31.290001 122.07000 31.290001 0.5
122.07000 31.270000 122.07000 31.270000 0.5
122.07000 31.250000 122.07000 31.250000 0.5
122.07000 31.230000 122.07000 31.230000 0.5
122.07000 31.209999 122.07000 31.209999 0.5
122.07000 31.190001 122.07000 31.190001 0.5
122.07000 31.170000 122.07000 31.170000 0.5
122.07000 31.150000 122.07000 31.150000 0.5
122.09000 31.330000 122.09000 31.330000 0.5
122.09000 31.309999 122.09000 31.309999 0.5
122.09000 31.290001 122.09000 31.290001 0.5
122.09000 31.270000 122.09000 31.270000 0.5
122.09000 31.250000 122.09000 31.250000 0.5
122.09000 31.230000 122.09000 31.230000 0.5
122.09000 31.209999 122.09000 31.209999 0.5
122.09000 31.190001 122.09000 31.190001 0.5
122.09000 31.170000 122.09000 31.170000 0.5
122.09000 31.150000 122.09000 31.150000 0.5
122.11000 31.330000 122.11000 31.330000 0.5
122.11000 31.309999 122.11000 31.309999 0.5
122.11000 31.290001 122.11000 31.290001 0.5
122.11000 31.270000 122.11000 31.270000 0.5
122.11000 31.250000 122.11000 31.250000 0.5
122.11000 31.230000 122.11000 31.230000 0.5
122.11000 31.209999 122.11000 31.209999 0.5
122.11000 31.190001 122.11000 31.190001 0.5
122.11000 31.170000 122.11000 31.170000 0.5
122.11000 31.150000 122.11000 31.150000 0.5
122.13000 31.330000 122.13000 31.330000 0.5
122.13000 31.309999 122.13000 31.309999 0.5
122.13000 31.290001 122.13000 31.290001 0.5
122.13000 31.270000 122.13000 31.270000 0.5
122.13000 31.250000 122.13000 31.250000 0.5
122.13000 31.230000 122.13000 31.230000 0.5
122.13000 31.209999 122.13000 31.209999 0.5
122.13000 31.190001 122.13000 31.190001 0.5
122.13000 31.170000 122.13000 31.170000 0.5
122.13000 31.150000 122.13000 31.150000 0.5
122.15000 31.330000 122.15000 31.330000 0.5
122.15000 31.309999 122.15000 31.309999 0.5
122.15000 31.290001 122.15000 31.290001 0.5
122.15000 31.270000 122.15000 31.270000 0.5
122.15000 31.250000 122.15000 31.250000 0.5
122.15000 31.230000 122.15000 31.230000 0.5
122.15000 31.209999 122.15000 31.209999 0.5
122.15000 31.190001 122.15000 31.190001 0.5
122.15000 31.170000 122.15000 31.170000 0.5
122.15000 31.150000 122.15000 31.150000 0.5
122.17000 31.330000 122.17000 31.330000 0.5
122.17000 31.309999 122.17000 31.309999 0.5
122.17000 31.290001 122.17000 31.290001 0.5
122.17000 31.270000 122.17000 31.270000 0.5
122.17000 31.250000 122.17000 31.250000 0.5
122.17000 31.230000 122.17000 31.230000 0.5
122.17000 31.209999 122.17000 31.209999 0.5
122.17000 31.190001 122.17000 31.190001 0.5
122.17000 31.170000 122.17000 31.170000 0.5
122.17000 31.150000 122.17000 31.150000 0.5
122.19000 31.330000 122.19000 31.330000 0.5
122.19000 31.309999 122.19000 31.309999 0.5
122.19000 31.290001 122.19000 31.290001 0.5
122.19000 31.270000 122.19000 31.270000 0.5
122.19000 31.250000 122.19000 31.250000 0.5
122.19000 31.230000 122.19000 31.230000 0.5
122.19000 31.209999 122.19000 31.209999 0.5
122.19000 31.190001 122.19000 31.190001 0.5
122.19000 31.170000 122.19000 31.170000 0.5
122.21000 31.330000 122.21000 31.330000 0.5
122.21000 31.309999 122.21000 31.309999 0.5
122.21000 31.290001 122.21000 31.290001 0.5
122.21000 31.270000 122.21000 31.270000 0.5
122.21000 31.250000 122.21000 31.250000 0.5
122.21000 31.230000 122.21000 31.230000 0.5
122.21000 31.209999 122.21000 31.209999 0.5
122.21000 31.190001 122.21000 31.190001 0.5
122.21000 31.170000 122.21000 31.170000 0.5
122.23000 31.330000 122.23000 31.330000 0.5
122.23000 31.309999 122.23000 31.309999 0.5
122.23000 31.290001 122.23000 31.290001 0.5
122.23000 31.270000 122.23000 31.270000 0.5
122.23000 31.250000 122.23000 31.250000 0.5
122.23000 31.230000 122.23000 31.230000 0.5
122.23000 31.209999 122.23000 31.209999 0.5
122.23000 31.190001 122.23000 31.190001 0.5
122.23000 31.170000 122.23000 31.170000 0.5
122.25000 31.350000 122.25000 31.350000 0.5
122.25000 31.330000 122.25000 31.330000 0.5
122.25000 31.309999 122.25000 31.309999 0.5
122.25000 31.290001 122.25000 31.290001 0.5
122.25000 31.270000 122.25000 31.270000 0.5
122.25000 31.250000 122.25000 31.250000 0.5
122.25000 31.230000 122.25000 31.230000 0.5
122.25000 31.209999 122.25000 31.209999 0.5
122.25000 31.190001 122.25000 31.190001 0.5
122.25000 31.170000 122.25000 31.170000 0.5
122.27000 31.350000 122.27000 31.350000 0.5
122.27000 31.330000 122.27000 31.330000 0.5
122.27000 31.309999 122.27000 31.309999 0.5
122.27000 31.290001 122.27000 31.290001 0.5
122.27000 31.270000 122.27000 31.270000 0.5
122.27000 31.250000 122.27000 31.250000 0.5
122.27000 31.230000 122.27000 31.230000 0.5
122.27000 31.209999 122.27000 31.209999 0.5
122.27000 31.190001 122.27000 31.190001 0.5
122.27000 31.170000 122.27000 31.170000 0.5
122.29000 31.350000 122.29000 31.350000 0.5
122.29000 31.330000 122.29000 31.330000 0.5
122.29000 31.309999 122.29000 31.309999 0.5
122.29000 31.290001 122.29000 31.290001 0.5
122.29000 31.270000 122.29000 31.270000 0.5
122.29000 31.250000 122.29000 31.250000 0.5
122.29000 31.230000 122.29000 31.230000 0.5
122.29000 31.209999 122.29000 31.209999 0.5
122.29000 31.190001 122.29000 31.190001 0.5
122.29000 31.170000 122.29000 31.170000 0.5
122.31000 31.350000 122.31000 31.350000 0.5
122.31000 31.330000 122.31000 31.330000 0.5
122.31000 31.309999 122.31000 31.309999 0.5
122.31000 31.290001 122.31000 31.290001 0.5
122.31000 31.270000 122.31000 31.270000 0.5
122.31000 31.250000 122.31000 31.250000 0.5
122.31000 31.230000 122.31000 31.230000 0.5
122.31000 31.209999 122.31000 31.209999 0.5
122.31000 31.190001 122.31000 31.190001 0.5
122.31000 31.170000 122.31000 31.170000 0.5
122.33000 31.350000 122.33000 31.350000 0.5
122.33000 31.330000 122.33000 31.330000 0.5
122.33000 31.309999 122.33000 31.309999 0.5
122.33000 31.290001 122.33000 31.290001 0.5
122.33000 31.270000 122.33000 31.270000 0.5
122.33000 31.250000 122.33000 31.250000 0.5
122.33000 31.230000 122.33000 31.230000 0.5
122.33000 31.209999 122.33000 31.209999 0.5
122.33000 31.190001 122.33000 31.190001 0.5
122.33000 31.170000 122.33000 31.170000 0.5
122.35000 31.350000 122.35000 31.350000 0.5
122.35000 31.330000 122.35000 31.330000 0.5
122.35000 31.309999 122.35000 31.309999 0.5
122.35000 31.290001 122.35000 31.290001 0.5
122.35000 31.270000 122.35000 31.270000 0.5
122.35000 31.250000 122.35000 31.250000 0.5
122.35000 31.230000 122.35000 31.230000 0.5
122.35000 31.209999 122.35000 31.209999 0.5
122.35000 31.190001 122.35000 31.190001 0.5
122.37000 31.350000 122.37000 31.350000 0.5
122.37000 31.330000 122.37000 31.330000 0.5
122.37000 31.309999 122.37000 31.309999 0.5
122.37000 31.290001 122.37000 31.290001 0.5
122.37000 31.270000 122.37000 31.270000 0.5
122.37000 31.250000 122.37000 31.250000 0.5
122.37000 31.230000 122.37000 31.230000 0.5
122.37000 31.209999 122.37000 31.209999 0.5
122.37000 31.190001 122.37000 31.190001 0.5
122.39000 31.350000 122.39000 31.350000 0.5
122.39000 31.330000 122.39000 31.330000 0.5
122.39000 31.309999 122.39000 31.309999 0.5
122.39000 31.290001 122.39000 31.290001 0.5
122.39000 31.270000 122.39000 31.270000 0.5
122.39000 31.250000 122.39000 31.250000 0.5
122.39000 31.230000 122.39000 31.230000 0.5
122.39000 31.209999 122.39000 31.209999 0.5
122.39000 31.190001 122.39000 31.190001 0.5
122.41000 31.370001 122.41000 31.370001 0.5
122.41000 31.350000 122.41000 31.350000 0.5
122.41000 31.330000 122.41000 31.330000 0.5
122.41000 31.309999 122.41000 31.309999 0.5
122.41000 31.290001 122.41000 31.290001 0.5
122.41000 31.270000 122.41000 31.270000 0.5
122.41000 31.250000 122.41000 31.250000 0.5
122.41000 31.230000 122.41000 31.230000 0.5
122.41000 31.209999 122.41000 31.209999 0.5
122.41000 31.190001 122.41000 31.190001 0.5
122.43000 31.370001 122.43000 31.370001 0.5
122.43000 31.350000 122.43000 31.350000 0.5
122.43000 31.330000 122.43000 31.330000 0.5
122.43000 31.309999 122.43000 31.309999 0.5
122.43000 31.290001 122.43000 31.290001 0.5
122.43000 31.270000 122.43000 31.270000 0.5
122.43000 31.250000 122.43000 31.250000 0.5
122.43000 31.230000 122.43000 31.230000 0.5
122.43000 31.209999 122.43000 31.209999 0.5
122.43000 31.190001 122.43000 31.190001 0.5
122.45000 31.370001 122.45000 31.370001 0.5
122.45000 31.350000 122.45000 31.350000 0.5
122.45000 31.330000 122.45000 31.330000 0.5
122.45000 31.309999 122.45000 31.309999 0.5
122.45000 31.290001 122.45000 31.290001 0.5
122.45000 31.270000 122.45000 31.270000 0.5
122.45000 31.250000 122.45000 31.250000 0.5
122.45000 31.230000 122.45000 31.230000 0.5
122.45000 31.209999 122.45000 31.209999 0.5
122.45000 31.190001 122.45000 31.190001 0.5
122.47000 31.370001 122.47000 31.370001 0.5
122.47000 31.350000 122.47000 31.350000 0.5
122.47000 31.330000 122.47000 31.330000 0.5
122.47000 31.309999 122.47000 31.309999 0.5
122.47000 31.290001 122.47000 31.290001 0.5
122.47000 31.270000 122.47000 31.270000 0.5
122.47000 31.250000 122.47000 31.250000 0.5
122.47000 31.230000 122.47000 31.230000 0.5
122.47000 31.209999 122.47000 31.209999 0.5
122.47000 31.190001 122.47000 31.190001 0.5
122.49000 31.370001 122.49000 31.370001 0.5
122.49000 31.350000 122.49000 31.350000 0.5
122.49000 31.330000 122.49000 31.330000 0.5
122.49000 31.309999 122.49000 31.309999 0.5
122.49000 31.290001 122.49000 31.290001 0.5
122.49000 31.270000 122.49000 31.270000 0.5
122.49000 31.250000 122.49000 31.250000 0.5
122.49000 31.230000 122.49000 31.230000 0.5
122.49000 31.209999 122.49000 31.209999 0.5
122.49000 31.190001 122.49000 31.190001 0.5
122.51000 31.370001 122.51000 31.370001 0.5
122.51000 31.350000 122.51000 31.350000 0.5
122.51000 31.330000 122.51000 31.330000 0.5
122.51000 31.309999 122.51000 31.309999 0.5
122.51000 31.290001 122.51000 31.290001 0.5
122.51000 31.270000 122.51000 31.270000 0.5
122.51000 31.250000 122.51000 31.250000 0.5
122.51000 31.230000 122.51000 31.230000 0.5
122.51000 31.209999 122.51000 31.209999 0.5
122.51000 31.190001 122.51000 31.190001 0.5
122.53000 31.370001 122.53000 31.370001 0.5
122.53000 31.350000 122.53000 31.350000 0.5
122.53000 31.330000 122.53000 31.330000 0.5
122.53000 31.309999 122.53000 31.309999 0.5
122.53000 31.290001 122.53000 31.290001 0.5
122.53000 31.270000 122.53000 31.270000 0.5
122.53000 31.250000 122.53000 31.250000 0.5
122.53000 31.230000 122.53000 31.230000 0.5
122.53000 31.209999 122.53000 31.209999 0.5
122.55000 31.370001 122.55000 31.370001 0.5
122.55000 31.350000 122.55000 31.350000 0.5
122.55000 31.330000 122.55000 31.330000 0.5
122.55000 31.309999 122.55000 31.309999 0.5
122.55000 31.290001 122.55000 31.290001 0.5
122.55000 31.270000 122.55000 31.270000 0.5
122.55000 31.250000 122.55000 31.250000 0.5
122.55000 31.230000 122.55000 31.230000 0.5
122.55000 31.209999 122.55000 31.209999 0.5
122.57000 31.389999 122.57000 31.389999 0.5
122.57000 31.370001 122.57000 31.370001 0.5
122.57000 31.350000 122.57000 31.350000 0.5
122.57000 31.330000 122.57000 31.330000 0.5
122.57000 31.309999 122.57000 31.309999 0.5
122.57000 31.290001 122.57000 31.290001 0.5
122.57000 31.270000 122.57000 31.270000 0.5
122.57000 31.250000 122.57000 31.250000 0.5
122.57000 31.230000 122.57000 31.230000 0.5
122.57000 31.209999 122.57000 31.209999 0.5
122.59000 31.389999 122.59000 31.389999 0.5
122.59000 31.370001 122.59000 31.370001 0.5
122.59000 31.350000 122.59000 31.350000 0.5
122.59000 31.330000 122.59000 31.330000 0.5
122.59000 31.309999 122.59000 31.309999 0.5
122.59000 31.290001 122.59000 31.290001 0.5
122.59000 31.270000 122.59000 31.270000 0.5
122.59000 31.250000 122.59000 31.250000 0.5
122.59000 31.230000 122.59000 31.230000 0.5
122.59000 31.209999 122.59000 31.209999 0.5
122.61000 31.389999 122.61000 31.389999 0.5
122.61000 31.370001 122.61000 31.370001 0.5
122.61000 31.350000 122.61000 31.350000 0.5
122.61000 31.330000 122.61000 31.330000 0.5
122.61000 31.309999 122.61000 31.309999 0.5
122.61000 31.290001 122.61000 31.290001 0.5
122.61000 31.270000 122.61000 31.270000 0.5
122.61000 31.250000 122.61000 31.250000 0.5
122.61000 31.230000 122.61000 31.230000 0.5
122.61000 31.209999 122.61000 31.209999 0.5
122.63000 31.389999 122.63000 31.389999 0.5
122.63000 31.370001 122.63000 31.370001 0.5
122.63000 31.350000 122.63000 31.350000 0.5
122.63000 31.330000 122.63000 31.330000 0.5
122.63000 31.309999 122.63000 31.309999 0.5
122.63000 31.290001 122.63000 31.290001 0.5
122.63000 31.270000 122.63000 31.270000 0.5
122.63000 31.250000 122.63000 31.250000 0.5
122.63000 31.230000 122.63000 31.230000 0.5
122.63000 31.209999 122.63000 31.209999 0.5
122.65000 31.389999 122.65000 31.389999 0.5
122.65000 31.370001 122.65000 31.370001 0.5
122.65000 31.350000 122.65000 31.350000 0.5
122.65000 31.330000 122.65000 31.330000 0.5
122.65000 31.309999 122.65000 31.309999 0.5
122.65000 31.290001 122.65000 31.290001 0.5
122.65000 31.270000 122.65000 31.270000 0.5
122.65000 31.250000 122.65000 31.250000 0.5
122.65000 31.230000 122.65000 31.230000 0.5
122.65000 31.209999 122.65000 31.209999 0.5
122.67000 31.389999 122.67000 31.389999 0.5
122.67000 31.370001 122.67000 31.370001 0.5
122.67000 31.350000 122.67000 31.350000 0.5
122.67000 31.330000 122.67000 31.330000 0.5
122.67000 31.309999 122.67000 31.309999 0.5
122.67000 31.290001 122.67000 31.290001 0.5
122.67000 31.270000 122.67000 31.270000 0.5
122.67000 31.250000 122.67000 31.250000 0.5
122.67000 31.230000 122.67000 31.230000 0.5
122.67000 31.209999 122.67000 31.209999 0.5
122.69000 31.389999 122.69000 31.389999 0.5
122.69000 31.370001 122.69000 31.370001 0.5
122.69000 31.350000 122.69000 31.350000 0.5
122.69000 31.330000 122.69000 31.330000 0.5
122.69000 31.309999 122.69000 31.309999 0.5
122.69000 31.290001 122.69000 31.290001 0.5
122.69000 31.270000 122.69000 31.270000 0.5
122.69000 31.250000 122.69000 31.250000 0.5
122.69000 31.230000 122.69000 31.230000 0.5
122.71000 31.389999 122.71000 31.389999 0.5
122.71000 31.370001 122.71000 31.370001 0.5
122.71000 31.350000 122.71000 31.350000 0.5
122.71000 31.330000 122.71000 31.330000 0.5
122.71000 31.309999 122.71000 31.309999 0.5
122.71000 31.290001 122.71000 31.290001 0.5
122.71000 31.270000 122.71000 31.270000 0.5
122.71000 31.250000 122.71000 31.250000 0.5
122.71000 31.230000 122.71000 31.230000 0.5
122.73000 31.410000 122.73000 31.410000 0.5
122.73000 31.389999 122.73000 31.389999 0.5
122.73000 31.370001 122.73000 31.370001 0.5
122.73000 31.350000 122.73000 31.350000 0.5
122.73000 31.330000 122.73000 31.330000 0.5
122.73000 31.309999 122.73000 31.309999 0.5
122.73000 31.290001 122.73000 31.290001 0.5
122.73000 31.270000 122.73000 31.270000 0.5
122.73000 31.250000 122.73000 31.250000 0.5
122.73000 31.230000 122.73000 31.230000 0.5
122.75000 31.570000 122.75000 31.570000 0.5
122.75000 31.410000 122.75000 31.410000 0.5
122.75000 31.389999 122.75000 31.389999 0.5
122.75000 31.370001 122.75000 31.370001 0.5
122.75000 31.350000 122.75000 31.350000 0.5
122.75000 31.330000 122.75000 31.330000 0.5
122.75000 31.309999 122.75000 31.309999 0.5
122.75000 31.290001 122.75000 31.290001 0.5
122.75000 31.270000 122.75000 31.270000 0.5
122.75000 31.250000 122.75000 31.250000 0.5
122.75000 31.230000 122.75000 31.230000 0.5
122.77000 31.549999 122.77000 31.549999 0.5
122.77000 31.530001 122.77000 31.530001 0.5
122.77000 31.410000 122.77000 31.410000 0.5
122.77000 31.389999 122.77000 31.389999 0.5
122.77000 31.370001 122.77000 31.370001 0.5
122.77000 31.350000 122.77000 31.350000 0.5
122.77000 31.330000 122.77000 31.330000 0.5
122.77000 31.309999 122.77000 31.309999 0.5
122.77000 31.290001 122.77000 31.290001 0.5
122.77000 31.270000 122.77000 31.270000 0.5
122.77000 31.250000 122.77000 31.250000 0.5
122.77000 31.230000 122.77000 31.230000 0.5
122.79000 31.549999 122.79000 31.549999 0.5
122.79000 31.530001 122.79000 31.530001 0.5
122.79000 31.510000 122.79000 31.510000 0.5
122.79000 31.490000 122.79000 31.490000 0.5
122.79000 31.410000 122.79000 31.410000 0.5
122.79000 31.389999 122.79000 31.389999 0.5
122.79000 31.370001 122.79000 31.370001 0.5
122.79000 31.350000 122.79000 31.350000 0.5
122.79000 31.330000 122.79000 31.330000 0.5
122.79000 31.309999 122.79000 31.309999 0.5
122.79000 31.290001 122.79000 31.290001 0.5
122.79000 31.270000 122.79000 31.270000 0.5
122.79000 31.250000 122.79000 31.250000 0.5
122.79000 31.230000 122.79000 31.230000 0.5
122.81000 31.530001 122.81000 31.530001 0.5
122.81000 31.510000 122.81000 31.510000 0.5
122.81000 31.490000 122.81000 31.490000 0.5
122.81000 31.469999 122.81000 31.469999 0.5
122.81000 31.450001 122.81000 31.450001 0.5
122.81000 31.430000 122.81000 31.430000 0.5
122.81000 31.410000 122.81000 31.410000 0.5
122.81000 31.389999 122.81000 31.389999 0.5
122.81000 31.370001 122.81000 31.370001 0.5
122.81000 31.350000 122.81000 31.350000 0.5
122.81000 31.330000 122.81000 31.330000 0.5
122.81000 31.309999 122.81000 31.309999 0.5
122.81000 31.290001 122.81000 31.290001 0.5
122.81000 31.270000 122.81000 31.270000 0.5
122.81000 31.250000 122.81000 31.250000 0.5
122.81000 31.230000 122.81000 31.230000 0.5
122.81000 31.090000 122.81000 31.090000 0.5
122.81000 31.070000 122.81000 31.070000 0.5
122.83000 31.530001 122.83000 31.530001 0.5
122.83000 31.510000 122.83000 31.510000 0.5
122.83000 31.490000 122.83000 31.490000 0.5
122.83000 31.469999 122.83000 31.469999 0.5
122.83000 31.450001 122.83000 31.450001 0.5
122.83000 31.430000 122.83000 31.430000 0.5
122.83000 31.410000 122.83000 31.410000 0.5
122.83000 31.389999 122.83000 31.389999 0.5
122.83000 31.370001 122.83000 31.370001 0.5
122.83000 31.350000 122.83000 31.350000 0.5
122.83000 31.330000 122.83000 31.330000 0.5
122.83000 31.309999 122.83000 31.309999 0.5
122.83000 31.290001 122.83000 31.290001 0.5
122.83000 31.270000 122.83000 31.270000 0.5
122.83000 31.250000 122.83000 31.250000 0.5
122.83000 31.230000 122.83000 31.230000 0.5
122.83000 31.170000 122.83000 31.170000 0.5
122.83000 31.150000 122.83000 31.150000 0.5
122.83000 31.129999 122.83000 31.129999 0.5
122.83000 31.110001 122.83000 31.110001 0.5
122.83000 31.090000 122.83000 31.090000 0.5
122.85000 31.510000 122.85000 31.510000 0.5
122.85000 31.490000 122.85000 31.490000 0.5
122.85000 31.469999 122.85000 31.469999 0.5
122.85000 31.450001 122.85000 31.450001 0.5
122.85000 31.430000 122.85000 31.430000 0.5
122.85000 31.410000 122.85000 31.410000 0.5
122.85000 31.389999 122.85000 31.389999 0.5
122.85000 31.370001 122.85000 31.370001 0.5
122.85000 31.350000 122.85000 31.350000 0.5
122.85000 31.330000 122.85000 31.330000 0.5
122.85000 31.309999 122.85000 31.309999 0.5
122.85000 31.290001 122.85000 31.290001 0.5
122.85000 31.270000 122.85000 31.270000 0.5
122.85000 31.250000 122.85000 31.250000 0.5
122.85000 31.230000 122.85000 31.230000 0.5
122.85000 31.209999 122.85000 31.209999 0.5
122.85000 31.190001 122.85000 31.190001 0.5
122.85000 31.170000 122.85000 31.170000 0.5
122.85000 31.150000 122.85000 31.150000 0.5
122.85000 31.129999 122.85000 31.129999 0.5
122.85000 31.110001 122.85000 31.110001 0.5
122.87000 31.510000 122.87000 31.510000 0.5
122.87000 31.490000 122.87000 31.490000 0.5
122.87000 31.469999 122.87000 31.469999 0.5
122.87000 31.450001 122.87000 31.450001 0.5
122.87000 31.430000 122.87000 31.430000 0.5
122.87000 31.410000 122.87000 31.410000 0.5
122.87000 31.389999 122.87000 31.389999 0.5
122.87000 31.370001 122.87000 31.370001 0.5
122.87000 31.350000 122.87000 31.350000 0.5
122.87000 31.330000 122.87000 31.330000 0.5
122.87000 31.309999 122.87000 31.309999 0.5
122.87000 31.290001 122.87000 31.290001 0.5
122.87000 31.270000 122.87000 31.270000 0.5
122.87000 31.250000 122.87000 31.250000 0.5
122.87000 31.230000 122.87000 31.230000 0.5
122.87000 31.209999 122.87000 31.209999 0.5
122.87000 31.190001 122.87000 31.190001 0.5
122.87000 31.170000 122.87000 31.170000 0.5
122.87000 31.150000 122.87000 31.150000 0.5
122.87000 31.129999 122.87000 31.129999 0.5
122.89000 31.490000 122.89000 31.490000 0.5
122.89000 31.469999 122.89000 31.469999 0.5
122.89000 31.450001 122.89000 31.450001 0.5
122.89000 31.430000 122.89000 31.430000 0.5
122.89000 31.410000 122.89000 31.410000 0.5
122.89000 31.389999 122.89000 31.389999 0.5
122.89000 31.370001 122.89000 31.370001 0.5
122.89000 31.350000 122.89000 31.350000 0.5
122.89000 31.330000 122.89000 31.330000 0.5
122.89000 31.309999 122.89000 31.309999 0.5
122.89000 31.290001 122.89000 31.290001 0.5
122.89000 31.270000 122.89000 31.270000 0.5
122.89000 31.250000 122.89000 31.250000 0.5
122.89000 31.230000 122.89000 31.230000 0.5
122.89000 31.209999 122.89000 31.209999 0.5
122.89000 31.190001 122.89000 31.190001 0.5
122.89000 31.170000 122.89000 31.170000 0.5
122.89000 31.150000 122.89000 31.150000 0.5
122.91000 31.490000 122.91000 31.490000 0.5
122.91000 31.469999 122.91000 31.469999 0.5
122.91000 31.450001 122.91000 31.450001 0.5
122.91000 31.430000 122.91000 31.430000 0.5
122.91000 31.410000 122.91000 31.410000 0.5
122.91000 31.389999 122.91000 31.389999 0.5
122.91000 31.370001 122.91000 31.370001 0.5
122.91000 31.350000 122.91000 31.350000 0.5
122.91000 31.330000 122.91000 31.330000 0.5
122.91000 31.309999 122.91000 31.309999 0.5
122.91000 31.290001 122.91000 31.290001 0.5
122.91000 31.270000 122.91000 31.270000 0.5
122.91000 31.250000 122.91000 31.250000 0.5
122.91000 31.230000 122.91000 31.230000 0.5
122.91000 31.209999 122.91000 31.209999 0.5
122.91000 31.190001 122.91000 31.190001 0.5
122.91000 31.170000 122.91000 31.170000 0.5
122.91000 31.150000 122.91000 31.150000 0.5
122.93000 31.469999 122.93000 31.469999 0.5
122.93000 31.450001 122.93000 31.450001 0.5
122.93000 31.430000 122.93000 31.430000 0.5
122.93000 31.410000 122.93000 31.410000 0.5
122.93000 31.389999 122.93000 31.389999 0.5
122.93000 31.370001 122.93000 31.370001 0.5
122.93000 31.350000 122.93000 31.350000 0.5
122.93000 31.330000 122.93000 31.330000 0.5
122.93000 31.309999 122.93000 31.309999 0.5
122.93000 31.290001 122.93000 31.290001 0.5
122.93000 31.270000 122.93000 31.270000 0.5
122.93000 31.250000 122.93000 31.250000 0.5
122.93000 31.230000 122.93000 31.230000 0.5
122.93000 31.209999 122.93000 31.209999 0.5
122.93000 31.190001 122.93000 31.190001 0.5
122.93000 31.170000 122.93000 31.170000 0.5
122.95000 31.469999 122.95000 31.469999 0.5
122.95000 31.450001 122.95000 31.450001 0.5
122.95000 31.430000 122.95000 31.430000 0.5
122.95000 31.410000 122.95000 31.410000 0.5
122.95000 31.389999 122.95000 31.389999 0.5
122.95000 31.370001 122.95000 31.370001 0.5
122.95000 31.350000 122.95000 31.350000 0.5
122.95000 31.330000 122.95000 31.330000 0.5
122.95000 31.309999 122.95000 31.309999 0.5
122.95000 31.290001 122.95000 31.290001 0.5
122.95000 31.270000 122.95000 31.270000 0.5
122.95000 31.250000 122.95000 31.250000 0.5
122.95000 31.230000 122.95000 31.230000 0.5
122.95000 31.209999 122.95000 31.209999 0.5
122.95000 31.190001 122.95000 31.190001 0.5
122.97000 31.450001 122.97000 31.450001 0.5
122.97000 31.430000 122.97000 31.430000 0.5
122.97000 31.410000 122.97000 31.410000 0.5
122.97000 31.389999 122.97000 31.389999 0.5
122.97000 31.370001 122.97000 31.370001 0.5
122.97000 31.350000 122.97000 31.350000 0.5
122.97000 31.330000 122.97000 31.330000 0.5
122.97000 31.309999 122.97000 31.309999 0.5
122.97000 31.290001 122.97000 31.290001 0.5
122.97000 31.270000 122.97000 31.270000 0.5
122.97000 31.250000 122.97000 31.250000 0.5
122.97000 31.230000 122.97000 31.230000 0.5
122.97000 31.209999 122.97000 31.209999 0.5
122.99000 31.450001 122.99000 31.450001 0.5
122.99000 31.430000 122.99000 31.430000 0.5
122.99000 31.410000 122.99000 31.410000 0.5
122.99000 31.389999 122.99000 31.389999 0.5
122.99000 31.370001 122.99000 31.370001 0.5
122.99000 31.350000 122.99000 31.350000 0.5
122.99000 31.330000 122.99000 31.330000 0.5
122.99000 31.309999 122.99000 31.309999 0.5
122.99000 31.290001 122.99000 31.290001 0.5
122.99000 31.270000 122.99000 31.270000 0.5
122.99000 31.250000 122.99000 31.250000 0.5
122.99000 31.230000 122.99000 31.230000 0.5
123.01000 31.450001 123.01000 31.450001 0.5
123.01000 31.430000 123.01000 31.430000 0.5
123.01000 31.410000 123.01000 31.410000 0.5
123.01000 31.389999 123.01000 31.389999 0.5
123.01000 31.370001 123.01000 31.370001 0.5
123.01000 31.350000 123.01000 31.350000 0.5
123.01000 31.330000 123.01000 31.330000 0.5
123.01000 31.309999 123.01000 31.309999 0.5
123.01000 31.290001 123.01000 31.290001 0.5
123.01000 31.270000 123.01000 31.270000 0.5
123.01000 31.250000 123.01000 31.250000 0.5
123.01000 31.230000 123.01000 31.230000 0.5
123.03000 31.430000 123.03000 31.430000 0.5
123.03000 31.410000 123.03000 31.410000 0.5
123.03000 31.389999 123.03000 31.389999 0.5
123.03000 31.370001 123.03000 31.370001 0.5
123.03000 31.350000 123.03000 31.350000 0.5
123.03000 31.330000 123.03000 31.330000 0.5
123.03000 31.309999 123.03000 31.309999 0.5
123.03000 31.290001 123.03000 31.290001 0.5
123.03000 31.270000 123.03000 31.270000 0.5
123.03000 31.250000 123.03000 31.250000 0.5
123.05000 31.430000 123.05000 31.430000 0.5
123.05000 31.410000 123.05000 31.410000 0.5
123.05000 31.389999 123.05000 31.389999 0.5
123.05000 31.370001 123.05000 31.370001 0.5
123.05000 31.350000 123.05000 31.350000 0.5
123.05000 31.330000 123.05000 31.330000 0.5
123.05000 31.309999 123.05000 31.309999 0.5
123.05000 31.290001 123.05000 31.290001 0.5
123.05000 31.270000 123.05000 31.270000 0.5
123.07000 31.430000 123.07000 31.430000 0.5
123.07000 31.410000 123.07000 31.410000 0.5
123.07000 31.389999 123.07000 31.389999 0.5
123.07000 31.370001 123.07000 31.370001 0.5
123.07000 31.350000 123.07000 31.350000 0.5
123.07000 31.330000 123.07000 31.330000 0.5
123.07000 31.309999 123.07000 31.309999 0.5
123.07000 31.290001 123.07000 31.290001 0.5
123.07000 31.270000 123.07000 31.270000 0.5
123.09000 31.410000 123.09000 31.410000 0.5
123.09000 31.389999 123.09000 31.389999 0.5
123.09000 31.370001 123.09000 31.370001 0.5
123.09000 31.350000 123.09000 31.350000 0.5
123.09000 31.330000 123.09000 31.330000 0.5
123.09000 31.309999 123.09000 31.309999 0.5
123.09000 31.290001 123.09000 31.290001 0.5
123.11000 31.410000 123.11000 31.410000 0.5
123.11000 31.389999 123.11000 31.389999 0.5
123.11000 31.370001 123.11000 31.370001 0.5
123.11000 31.350000 123.11000 31.350000 0.5
123.11000 31.330000 123.11000 31.330000 0.5
123.11000 31.309999 123.11000 31.309999 0.5
123.13000 31.410000 123.13000 31.410000 0.5
123.13000 31.389999 123.13000 31.389999 0.5
123.13000 31.370001 123.13000 31.370001 0.5
123.13000 31.350000 123.13000 31.350000 0.5
123.13000 31.330000 123.13000 31.330000 0.5
123.13000 31.309999 123.13000 31.309999 0.5
123.15000 31.389999 123.15000 31.389999 0.5
123.15000 31.370001 123.15000 31.370001 0.5
123.15000 31.350000 123.15000 31.350000 0.5
123.15000 31.330000 123.15000 31.330000 0.5
123.17000 31.389999 123.17000 31.389999 0.5
123.17000 31.370001 123.17000 31.370001 0.5
123.17000 31.350000 123.17000 31.350000 0.5
123.19000 31.389999 123.19000 31.389999 0.5
123.19000 31.370001 123.19000 31.370001 0.5
123.19000 31.350000 123.19000 31.350000 0.5
123.21000 31.370001 123.21000 31.370001 0.5
123.23000 31.370001 123.23000 31.370001 0.5
123.51000 32.110001 123.51000 32.110001 0.5
123.53000 32.130001 123.53000 32.130001 0.5
123.53000 32.110001 123.53000 32.110001 0.5
123.53000 32.090000 123.53000 32.090000 0.5
123.53000 32.070000 123.53000 32.070000 0.5
123.55000 32.150002 123.55000 32.150002 0.5
123.55000 32.130001 123.55000 32.130001 0.5
123.55000 32.110001 123.55000 32.110001 0.5
123.55000 32.090000 123.55000 32.090000 0.5
123.55000 32.070000 123.55000 32.070000 0.5
123.55000 32.049999 123.55000 32.049999 0.5
123.57000 32.150002 123.57000 32.150002 0.5
123.57000 32.130001 123.57000 32.130001 0.5
123.57000 32.110001 123.57000 32.110001 0.5
123.57000 32.090000 123.57000 32.090000 0.5
123.57000 32.070000 123.57000 32.070000 0.5
123.59000 32.130001 123.59000 32.130001 0.5
123.59000 32.110001 123.59000 32.110001 0.5
123.59000 32.090000 123.59000 32.090000 0.5
123.59000 32.070000 123.59000 32.070000 0.5
123.61000 32.110001 123.61000 32.110001 0.5
123.61000 32.090000 123.61000 32.090000 0.5
123.61000 31.510000 123.61000 31.510000 0.5
123.61000 31.490000 123.61000 31.490000 0.5
123.61000 31.469999 123.61000 31.469999 0.5
123.63000 31.510000 123.63000 31.510000 0.5
123.63000 31.490000 123.63000 31.490000 0.5
123.63000 31.469999 123.63000 31.469999 0.5
123.63000 31.450001 123.63000 31.450001 0.5
123.63000 31.430000 123.63000 31.430000 0.5
123.65000 32.230000 123.65000 32.230000 0.5
123.65000 31.510000 123.65000 31.510000 0.5
123.65000 31.490000 123.65000 31.490000 0.5
123.65000 31.469999 123.65000 31.469999 0.5
123.65000 31.450001 123.65000 31.450001 0.5
123.65000 31.430000 123.65000 31.430000 0.5
123.67000 32.250000 123.67000 32.250000 0.5
123.67000 32.230000 123.67000 32.230000 0.5
123.67000 32.209999 123.67000 32.209999 0.5
123.67000 32.189999 123.67000 32.189999 0.5
123.67000 31.510000 123.67000 31.510000 0.5
123.67000 31.490000 123.67000 31.490000 0.5
123.67000 31.469999 123.67000 31.469999 0.5
123.67000 31.450001 123.67000 31.450001 0.5
123.69000 32.250000 123.69000 32.250000 0.5
123.69000 32.230000 123.69000 32.230000 0.5
123.69000 32.209999 123.69000 32.209999 0.5
123.69000 32.189999 123.69000 32.189999 0.5
123.69000 32.169998 123.69000 32.169998 0.5
123.69000 31.510000 123.69000 31.510000 0.5
123.69000 31.490000 123.69000 31.490000 0.5
123.69000 31.469999 123.69000 31.469999 0.5
123.69000 31.450001 123.69000 31.450001 0.5
123.71000 32.270000 123.71000 32.270000 0.5
123.71000 32.250000 123.71000 32.250000 0.5
123.71000 32.230000 123.71000 32.230000 0.5
123.71000 32.209999 123.71000 32.209999 0.5
123.71000 32.189999 123.71000 32.189999 0.5
123.71000 32.169998 123.71000 32.169998 0.5
123.73000 32.290001 123.73000 32.290001 0.5
123.73000 32.270000 123.73000 32.270000 0.5
123.73000 32.250000 123.73000 32.250000 0.5
123.73000 32.230000 123.73000 32.230000 0.5
123.73000 32.209999 123.73000 32.209999 0.5
123.73000 32.189999 123.73000 32.189999 0.5
123.75000 32.310001 123.75000 32.310001 0.5
123.75000 32.290001 123.75000 32.290001 0.5
123.75000 32.270000 123.75000 32.270000 0.5
123.75000 32.250000 123.75000 32.250000 0.5
123.75000 32.230000 123.75000 32.230000 0.5
123.75000 32.209999 123.75000 32.209999 0.5
123.77000 32.330002 123.77000 32.330002 0.5
123.77000 32.310001 123.77000 32.310001 0.5
123.77000 32.290001 123.77000 32.290001 0.5
123.77000 32.270000 123.77000 32.270000 0.5
123.77000 32.250000 123.77000 32.250000 0.5
123.77000 32.230000 123.77000 32.230000 0.5
123.79000 32.349998 123.79000 32.349998 0.5
123.79000 32.330002 123.79000 32.330002 0.5
123.79000 32.310001 123.79000 32.310001 0.5
123.79000 32.290001 123.79000 32.290001 0.5
123.79000 32.270000 123.79000 32.270000 0.5
123.79000 32.250000 123.79000 32.250000 0.5
123.79000 32.230000 123.79000 32.230000 0.5
123.79000 31.549999 123.79000 31.549999 0.5
123.79000 31.530001 123.79000 31.530001 0.5
123.79000 31.510000 123.79000 31.510000 0.5
123.79000 31.490000 123.79000 31.490000 0.5
123.81000 32.330002 123.81000 32.330002 0.5
123.81000 32.310001 123.81000 32.310001 0.5
123.81000 32.290001 123.81000 32.290001 0.5
123.81000 32.270000 123.81000 32.270000 0.5
123.81000 32.250000 123.81000 32.250000 0.5
123.81000 31.549999 123.81000 31.549999 0.5
123.81000 31.530001 123.81000 31.530001 0.5
123.81000 31.510000 123.81000 31.510000 0.5
123.81000 31.490000 123.81000 31.490000 0.5
123.83000 32.310001 123.83000 32.310001 0.5
123.83000 32.290001 123.83000 32.290001 0.5
123.83000 32.270000 123.83000 32.270000 0.5
123.83000 31.570000 123.83000 31.570000 0.5
123.83000 31.549999 123.83000 31.549999 0.5
123.83000 31.530001 123.83000 31.530001 0.5
123.83000 31.510000 123.83000 31.510000 0.5
123.83000 31.490000 123.83000 31.490000 0.5
123.85000 32.290001 123.85000 32.290001 0.5
123.85000 31.570000 123.85000 31.570000 0.5
123.85000 31.549999 123.85000 31.549999 0.5
123.85000 31.530001 123.85000 31.530001 0.5
123.85000 31.510000 123.85000 31.510000 0.5
123.85000 31.490000 123.85000 31.490000 0.5
123.87000 31.570000 123.87000 31.570000 0.5
123.87000 31.549999 123.87000 31.549999 0.5
123.87000 31.530001 123.87000 31.530001 0.5
123.87000 31.510000 123.87000 31.510000 0.5
123.87000 31.490000 123.87000 31.490000 0.5
123.89000 32.430000 123.89000 32.430000 0.5
123.89000 32.410000 123.89000 32.410000 0.5
123.89000 31.570000 123.89000 31.570000 0.5
123.89000 31.549999 123.89000 31.549999 0.5
123.89000 31.530001 123.89000 31.530001 0.5
123.89000 31.510000 123.89000 31.510000 0.5
123.91000 32.430000 123.91000 32.430000 0.5
123.91000 32.410000 123.91000 32.410000 0.5
123.91000 32.389999 123.91000 32.389999 0.5
123.91000 32.369999 123.91000 32.369999 0.5
123.91000 31.590000 123.91000 31.590000 0.5
123.91000 31.570000 123.91000 31.570000 0.5
123.91000 31.549999 123.91000 31.549999 0.5
123.91000 31.530001 123.91000 31.530001 0.5
123.91000 31.510000 123.91000 31.510000 0.5
123.93000 32.450001 123.93000 32.450001 0.5
123.93000 32.430000 123.93000 32.430000 0.5
123.93000 32.410000 123.93000 32.410000 0.5
123.93000 32.389999 123.93000 32.389999 0.5
123.93000 32.369999 123.93000 32.369999 0.5
123.93000 32.349998 123.93000 32.349998 0.5
123.93000 31.590000 123.93000 31.590000 0.5
123.93000 31.570000 123.93000 31.570000 0.5
123.93000 31.549999 123.93000 31.549999 0.5
123.93000 31.530001 123.93000 31.530001 0.5
123.93000 31.510000 123.93000 31.510000 0.5
123.95000 32.470001 123.95000 32.470001 0.5
123.95000 32.450001 123.95000 32.450001 0.5
123.95000 32.430000 123.95000 32.430000 0.5
123.95000 32.410000 123.95000 32.410000 0.5
123.95000 32.389999 123.95000 32.389999 0.5
123.95000 32.369999 123.95000 32.369999 0.5
123.95000 31.590000 123.95000 31.590000 0.5
123.95000 31.570000 123.95000 31.570000 0.5
123.95000 31.549999 123.95000 31.549999 0.5
123.95000 31.530001 123.95000 31.530001 0.5
123.95000 31.510000 123.95000 31.510000 0.5
123.97000 32.490002 123.97000 32.490002 0.5
123.97000 32.470001 123.97000 32.470001 0.5
123.97000 32.450001 123.97000 32.450001 0.5
123.97000 32.430000 123.97000 32.430000 0.5
123.97000 32.410000 123.97000 32.410000 0.5
123.97000 32.389999 123.97000 32.389999 0.5
123.97000 31.530001 123.97000 31.530001 0.5
123.99000 32.509998 123.99000 32.509998 0.5
123.99000 32.490002 123.99000 32.490002 0.5
123.99000 32.470001 123.99000 32.470001 0.5
123.99000 32.450001 123.99000 32.450001 0.5
123.99000 32.430000 123.99000 32.430000 0.5
123.99000 32.410000 123.99000 32.410000 0.5
124.01000 32.509998 124.01000 32.509998 0.5
124.01000 32.490002 124.01000 32.490002 0.5
124.01000 32.470001 124.01000 32.470001 0.5
124.01000 32.450001 124.01000 32.450001 0.5
124.01000 32.430000 124.01000 32.430000 0.5
124.01000 32.410000 124.01000 32.410000 0.5
124.03000 32.529999 124.03000 32.529999 0.5
124.03000 32.509998 124.03000 32.509998 0.5
124.03000 32.490002 124.03000 32.490002 0.5
124.03000 32.470001 124.03000 32.470001 0.5
124.03000 32.450001 124.03000 32.450001 0.5
124.03000 32.430000 124.03000 32.430000 0.5
124.05000 32.509998 124.05000 32.509998 0.5
124.05000 32.490002 124.05000 32.490002 0.5
124.05000 32.470001 124.05000 32.470001 0.5
124.05000 32.450001 124.05000 32.450001 0.5
124.05000 31.610001 124.05000 31.610001 0.5
124.05000 31.590000 124.05000 31.590000 0.5
124.07000 32.490002 124.07000 32.490002 0.5
124.07000 32.470001 124.07000 32.470001 0.5
124.07000 31.629999 124.07000 31.629999 0.5
124.07000 31.610001 124.07000 31.610001 0.5
124.07000 31.590000 124.07000 31.590000 0.5
124.07000 31.570000 124.07000 31.570000 0.5
124.07000 31.549999 124.07000 31.549999 0.5
124.09000 31.629999 124.09000 31.629999 0.5
124.09000 31.610001 124.09000 31.610001 0.5
124.09000 31.590000 124.09000 31.590000 0.5
124.09000 31.570000 124.09000 31.570000 0.5
124.09000 31.549999 124.09000 31.549999 0.5
124.11000 31.629999 124.11000 31.629999 0.5
124.11000 31.610001 124.11000 31.610001 0.5
124.11000 31.590000 124.11000 31.590000 0.5
124.11000 31.570000 124.11000 31.570000 0.5
124.11000 31.549999 124.11000 31.549999 0.5
124.13000 32.610001 124.13000 32.610001 0.5
124.13000 32.590000 124.13000 32.590000 0.5
124.13000 31.629999 124.13000 31.629999 0.5
124.13000 31.610001 124.13000 31.610001 0.5
124.13000 31.590000 124.13000 31.590000 0.5
124.13000 31.570000 124.13000 31.570000 0.5
124.15000 32.630001 124.15000 32.630001 0.5
124.15000 32.610001 124.15000 32.610001 0.5
124.15000 32.590000 124.15000 32.590000 0.5
124.15000 32.570000 124.15000 32.570000 0.5
124.15000 31.650000 124.15000 31.650000 0.5
124.15000 31.629999 124.15000 31.629999 0.5
124.15000 31.610001 124.15000 31.610001 0.5
124.15000 31.590000 124.15000 31.590000 0.5
124.15000 31.570000 124.15000 31.570000 0.5
124.17000 32.650002 124.17000 32.650002 0.5
124.17000 32.630001 124.17000 32.630001 0.5
124.17000 32.610001 124.17000 32.610001 0.5
124.17000 32.590000 124.17000 32.590000 0.5
124.17000 32.570000 124.17000 32.570000 0.5
124.17000 32.549999 124.17000 32.549999 0.5
124.17000 31.650000 124.17000 31.650000 0.5
124.17000 31.629999 124.17000 31.629999 0.5
124.17000 31.610001 124.17000 31.610001 0.5
124.17000 31.590000 124.17000 31.590000 0.5
124.17000 31.570000 124.17000 31.570000 0.5
124.19000 32.669998 124.19000 32.669998 0.5
124.19000 32.650002 124.19000 32.650002 0.5
124.19000 32.630001 124.19000 32.630001 0.5
124.19000 32.610001 124.19000 32.610001 0.5
124.19000 32.590000 124.19000 32.590000 0.5
124.19000 32.570000 124.19000 32.570000 0.5
124.19000 31.650000 124.19000 31.650000 0.5
124.19000 31.629999 124.19000 31.629999 0.5
124.19000 31.610001 124.19000 31.610001 0.5
124.19000 31.590000 124.19000 31.590000 0.5
124.19000 31.570000 124.19000 31.570000 0.5
124.21000 32.689999 124.21000 32.689999 0.5
124.21000 32.669998 124.21000 32.669998 0.5
124.21000 32.650002 124.21000 32.650002 0.5
124.21000 32.630001 124.21000 32.630001 0.5
124.21000 32.610001 124.21000 32.610001 0.5
124.21000 32.590000 124.21000 32.590000 0.5
124.21000 31.650000 124.21000 31.650000 0.5
124.21000 31.629999 124.21000 31.629999 0.5
124.21000 31.610001 124.21000 31.610001 0.5
124.21000 31.590000 124.21000 31.590000 0.5
124.23000 32.689999 124.23000 32.689999 0.5
124.23000 32.669998 124.23000 32.669998 0.5
124.23000 32.650002 124.23000 32.650002 0.5
124.23000 32.630001 124.23000 32.630001 0.5
124.23000 32.610001 124.23000 32.610001 0.5
124.23000 32.590000 124.23000 32.590000 0.5
124.23000 31.629999 124.23000 31.629999 0.5
124.23000 31.610001 124.23000 31.610001 0.5
124.23000 31.590000 124.23000 31.590000 0.5
124.25000 32.709999 124.25000 32.709999 0.5
124.25000 32.689999 124.25000 32.689999 0.5
124.25000 32.669998 124.25000 32.669998 0.5
124.25000 32.650002 124.25000 32.650002 0.5
124.25000 32.630001 124.25000 32.630001 0.5
124.25000 32.610001 124.25000 32.610001 0.5
124.27000 32.730000 124.27000 32.730000 0.5
124.27000 32.709999 124.27000 32.709999 0.5
124.27000 32.689999 124.27000 32.689999 0.5
124.27000 32.669998 124.27000 32.669998 0.5
124.27000 32.650002 124.27000 32.650002 0.5
124.27000 32.630001 124.27000 32.630001 0.5
124.29000 32.689999 124.29000 32.689999 0.5
124.29000 32.669998 124.29000 32.669998 0.5
124.29000 32.650002 124.29000 32.650002 0.5
124.31000 32.669998 124.31000 32.669998 0.5
124.31000 31.690001 124.31000 31.690001 0.5
124.33000 31.690001 124.33000 31.690001 0.5
124.33000 31.670000 124.33000 31.670000 0.5
124.33000 31.650000 124.33000 31.650000 0.5
124.33000 31.629999 124.33000 31.629999 0.5
124.33000 31.610001 124.33000 31.610001 0.5
124.35000 32.790001 124.35000 32.790001 0.5
124.35000 31.690001 124.35000 31.690001 0.5
124.35000 31.670000 124.35000 31.670000 0.5
124.35000 31.650000 124.35000 31.650000 0.5
124.35000 31.629999 124.35000 31.629999 0.5
124.35000 31.610001 124.35000 31.610001 0.5
124.37000 32.810001 124.37000 32.810001 0.5
124.37000 32.790001 124.37000 32.790001 0.5
124.37000 32.770000 124.37000 32.770000 0.5
124.37000 31.690001 124.37000 31.690001 0.5
124.37000 31.670000 124.37000 31.670000 0.5
124.37000 31.650000 124.37000 31.650000 0.5
124.37000 31.629999 124.37000 31.629999 0.5
124.39000 32.830002 124.39000 32.830002 0.5
124.39000 32.810001 124.39000 32.810001 0.5
124.39000 32.790001 124.39000 32.790001 0.5
124.39000 32.770000 124.39000 32.770000 0.5
124.39000 32.750000 124.39000 32.750000 0.5
124.39000 31.709999 124.39000 31.709999 0.5
124.39000 31.690001 124.39000 31.690001 0.5
124.39000 31.670000 124.39000 31.670000 0.5
124.39000 31.650000 124.39000 31.650000 0.5
124.39000 31.629999 124.39000 31.629999 0.5
124.41000 32.849998 124.41000 32.849998 0.5
124.41000 32.830002 124.41000 32.830002 0.5
124.41000 32.810001 124.41000 32.810001 0.5
124.41000 32.790001 124.41000 32.790001 0.5
124.41000 32.770000 124.41000 32.770000 0.5
124.41000 32.750000 124.41000 32.750000 0.5
124.41000 31.709999 124.41000 31.709999 0.5
124.41000 31.690001 124.41000 31.690001 0.5
124.41000 31.670000 124.41000 31.670000 0.5
124.41000 31.650000 124.41000 31.650000 0.5
124.41000 31.629999 124.41000 31.629999 0.5
124.43000 32.869999 124.43000 32.869999 0.5
124.43000 32.849998 124.43000 32.849998 0.5
124.43000 32.830002 124.43000 32.830002 0.5
124.43000 32.810001 124.43000 32.810001 0.5
124.43000 32.790001 124.43000 32.790001 0.5
124.43000 32.770000 124.43000 32.770000 0.5
124.43000 31.709999 124.43000 31.709999 0.5
124.43000 31.690001 124.43000 31.690001 0.5
124.43000 31.670000 124.43000 31.670000 0.5
124.43000 31.650000 124.43000 31.650000 0.5
124.43000 31.629999 124.43000 31.629999 0.5
124.45000 32.869999 124.45000 32.869999 0.5
124.45000 32.849998 124.45000 32.849998 0.5
124.45000 32.830002 124.45000 32.830002 0.5
124.45000 32.810001 124.45000 32.810001 0.5
124.45000 32.790001 124.45000 32.790001 0.5
124.45000 32.770000 124.45000 32.770000 0.5
124.45000 31.709999 124.45000 31.709999 0.5
124.45000 31.690001 124.45000 31.690001 0.5
124.45000 31.670000 124.45000 31.670000 0.5
124.45000 31.650000 124.45000 31.650000 0.5
124.47000 32.889999 124.47000 32.889999 0.5
124.47000 32.869999 124.47000 32.869999 0.5
124.47000 32.849998 124.47000 32.849998 0.5
124.47000 32.830002 124.47000 32.830002 0.5
124.47000 32.810001 124.47000 32.810001 0.5
124.47000 32.790001 124.47000 32.790001 0.5
124.47000 31.730000 124.47000 31.730000 0.5
124.47000 31.709999 124.47000 31.709999 0.5
124.47000 31.690001 124.47000 31.690001 0.5
124.47000 31.670000 124.47000 31.670000 0.5
124.47000 31.650000 124.47000 31.650000 0.5
124.49000 32.910000 124.49000 32.910000 0.5
124.49000 32.889999 124.49000 32.889999 0.5
124.49000 32.869999 124.49000 32.869999 0.5
124.49000 32.849998 124.49000 32.849998 0.5
124.49000 32.830002 124.49000 32.830002 0.5
124.49000 32.810001 124.49000 32.810001 0.5
124.49000 31.709999 124.49000 31.709999 0.5
124.49000 31.690001 124.49000 31.690001 0.5
124.49000 31.670000 124.49000 31.670000 0.5
124.49000 31.650000 124.49000 31.650000 0.5
124.51000 32.910000 124.51000 32.910000 0.5
124.51000 32.889999 124.51000 32.889999 0.5
124.51000 32.869999 124.51000 32.869999 0.5
124.51000 32.849998 124.51000 32.849998 0.5
124.51000 32.830002 124.51000 32.830002 0.5
124.53000 32.889999 124.53000 32.889999 0.5
124.53000 32.869999 124.53000 32.869999 0.5
124.53000 32.849998 124.53000 32.849998 0.5
124.55000 33.070000 124.55000 33.070000 0.5
124.55000 32.849998 124.55000 32.849998 0.5
124.57000 33.070000 124.57000 33.070000 0.5
124.57000 33.049999 124.57000 33.049999 0.5
124.59000 33.070000 124.59000 33.070000 0.5
124.59000 33.049999 124.59000 33.049999 0.5
124.59000 32.990002 124.59000 32.990002 0.5
124.59000 32.970001 124.59000 32.970001 0.5
124.59000 31.750000 124.59000 31.750000 0.5
124.59000 31.730000 124.59000 31.730000 0.5
124.59000 31.709999 124.59000 31.709999 0.5
124.59000 31.690001 124.59000 31.690001 0.5
124.61000 33.070000 124.61000 33.070000 0.5
124.61000 33.049999 124.61000 33.049999 0.5
124.61000 33.029999 124.61000 33.029999 0.5
124.61000 33.009998 124.61000 33.009998 0.5
124.61000 32.990002 124.61000 32.990002 0.5
124.61000 32.970001 124.61000 32.970001 0.5
124.61000 32.950001 124.61000 32.950001 0.5
124.61000 31.750000 124.61000 31.750000 0.5
124.61000 31.730000 124.61000 31.730000 0.5
124.61000 31.709999 124.61000 31.709999 0.5
124.61000 31.690001 124.61000 31.690001 0.5
124.63000 33.070000 124.63000 33.070000 0.5
124.63000 33.049999 124.63000 33.049999 0.5
124.63000 33.029999 124.63000 33.029999 0.5
124.63000 33.009998 124.63000 33.009998 0.5
124.63000 32.990002 124.63000 32.990002 0.5
124.63000 32.970001 124.63000 32.970001 0.5
124.63000 32.950001 124.63000 32.950001 0.5
124.63000 32.930000 124.63000 32.930000 0.5
124.63000 31.770000 124.63000 31.770000 0.5
124.63000 31.750000 124.63000 31.750000 0.5
124.63000 31.730000 124.63000 31.730000 0.5
124.63000 31.709999 124.63000 31.709999 0.5
124.63000 31.690001 124.63000 31.690001 0.5
124.65000 33.090000 124.65000 33.090000 0.5
124.65000 33.070000 124.65000 33.070000 0.5
124.65000 33.049999 124.65000 33.049999 0.5
124.65000 33.029999 124.65000 33.029999 0.5
124.65000 33.009998 124.65000 33.009998 0.5
124.65000 32.990002 124.65000 32.990002 0.5
124.65000 32.970001 124.65000 32.970001 0.5
124.65000 32.950001 124.65000 32.950001 0.5
124.65000 32.930000 124.65000 32.930000 0.5
124.65000 31.770000 124.65000 31.770000 0.5
124.65000 31.750000 124.65000 31.750000 0.5
124.65000 31.730000 124.65000 31.730000 0.5
124.65000 31.709999 124.65000 31.709999 0.5
124.65000 31.690001 124.65000 31.690001 0.5
124.67000 33.090000 124.67000 33.090000 0.5
124.67000 33.070000 124.67000 33.070000 0.5
124.67000 33.049999 124.67000 33.049999 0.5
124.67000 33.029999 124.67000 33.029999 0.5
124.67000 33.009998 124.67000 33.009998 0.5
124.67000 32.990002 124.67000 32.990002 0.5
124.67000 32.970001 124.67000 32.970001 0.5
124.67000 32.950001 124.67000 32.950001 0.5
124.67000 31.770000 124.67000 31.770000 0.5
124.67000 31.750000 124.67000 31.750000 0.5
124.67000 31.730000 124.67000 31.730000 0.5
124.67000 31.709999 124.67000 31.709999 0.5
124.67000 31.690001 124.67000 31.690001 0.5
124.69000 33.090000 124.69000 33.090000 0.5
124.69000 33.070000 124.69000 33.070000 0.5
124.69000 33.049999 124.69000 33.049999 0.5
124.69000 33.029999 124.69000 33.029999 0.5
124.69000 33.009998 124.69000 33.009998 0.5
124.69000 32.990002 124.69000 32.990002 0.5
124.69000 32.970001 124.69000 32.970001 0.5
124.69000 32.950001 124.69000 32.950001 0.5
124.69000 32.930000 124.69000 32.930000 0.5
124.69000 32.910000 124.69000 32.910000 0.5
124.69000 31.770000 124.69000 31.770000 0.5
124.69000 31.750000 124.69000 31.750000 0.5
124.69000 31.730000 124.69000 31.730000 0.5
124.69000 31.709999 124.69000 31.709999 0.5
124.71000 33.090000 124.71000 33.090000 0.5
124.71000 33.070000 124.71000 33.070000 0.5
124.71000 33.049999 124.71000 33.049999 0.5
124.71000 33.029999 124.71000 33.029999 0.5
124.71000 33.009998 124.71000 33.009998 0.5
124.71000 32.990002 124.71000 32.990002 0.5
124.71000 32.970001 124.71000 32.970001 0.5
124.71000 32.950001 124.71000 32.950001 0.5
124.71000 32.930000 124.71000 32.930000 0.5
124.71000 32.910000 124.71000 32.910000 0.5
124.71000 32.889999 124.71000 32.889999 0.5
124.71000 32.869999 124.71000 32.869999 0.5
124.71000 32.849998 124.71000 32.849998 0.5
124.71000 31.790001 124.71000 31.790001 0.5
124.71000 31.770000 124.71000 31.770000 0.5
124.71000 31.750000 124.71000 31.750000 0.5
124.71000 31.730000 124.71000 31.730000 0.5
124.71000 31.709999 124.71000 31.709999 0.5
124.73000 33.090000 124.73000 33.090000 0.5
124.73000 33.070000 124.73000 33.070000 0.5
124.73000 33.049999 124.73000 33.049999 0.5
124.73000 33.029999 124.73000 33.029999 0.5
124.73000 33.009998 124.73000 33.009998 0.5
124.73000 32.990002 124.73000 32.990002 0.5
124.73000 32.970001 124.73000 32.970001 0.5
124.73000 32.950001 124.73000 32.950001 0.5
124.73000 32.930000 124.73000 32.930000 0.5
124.73000 31.790001 124.73000 31.790001 0.5
124.73000 31.770000 124.73000 31.770000 0.5
124.73000 31.750000 124.73000 31.750000 0.5
124.73000 31.730000 124.73000 31.730000 0.5
124.73000 31.709999 124.73000 31.709999 0.5
124.75000 33.110001 124.75000 33.110001 0.5
124.75000 33.090000 124.75000 33.090000 0.5
124.75000 33.070000 124.75000 33.070000 0.5
124.75000 33.049999 124.75000 33.049999 0.5
124.75000 33.029999 124.75000 33.029999 0.5
124.75000 33.009998 124.75000 33.009998 0.5
124.75000 32.990002 124.75000 32.990002 0.5
124.75000 32.970001 124.75000 32.970001 0.5
124.75000 31.790001 124.75000 31.790001 0.5
124.75000 31.770000 124.75000 31.770000 0.5
124.75000 31.750000 124.75000 31.750000 0.5
124.75000 31.730000 124.75000 31.730000 0.5
124.75000 31.709999 124.75000 31.709999 0.5
124.77000 33.110001 124.77000 33.110001 0.5
124.77000 33.090000 124.77000 33.090000 0.5
124.77000 33.070000 124.77000 33.070000 0.5
124.77000 33.049999 124.77000 33.049999 0.5
124.77000 33.029999 124.77000 33.029999 0.5
124.77000 31.730000 124.77000 31.730000 0.5
124.79000 33.110001 124.79000 33.110001 0.5
124.79000 33.090000 124.79000 33.090000 0.5
124.79000 33.070000 124.79000 33.070000 0.5
124.81000 33.130001 124.81000 33.130001 0.5
124.81000 33.110001 124.81000 33.110001 0.5
124.85000 31.830000 124.85000 31.830000 0.5
124.85000 31.809999 124.85000 31.809999 0.5
124.85000 31.790001 124.85000 31.790001 0.5
124.87000 31.830000 124.87000 31.830000 0.5
124.87000 31.809999 124.87000 31.809999 0.5
124.87000 31.790001 124.87000 31.790001 0.5
124.87000 31.770000 124.87000 31.770000 0.5
124.87000 31.750000 124.87000 31.750000 0.5
124.89000 31.830000 124.89000 31.830000 0.5
124.89000 31.809999 124.89000 31.809999 0.5
124.89000 31.790001 124.89000 31.790001 0.5
124.89000 31.770000 124.89000 31.770000 0.5
124.89000 31.750000 124.89000 31.750000 0.5
124.91000 31.830000 124.91000 31.830000 0.5
124.91000 31.809999 124.91000 31.809999 0.5
124.91000 31.790001 124.91000 31.790001 0.5
124.91000 31.770000 124.91000 31.770000 0.5
124.93000 31.850000 124.93000 31.850000 0.5
124.93000 31.830000 124.93000 31.830000 0.5
124.93000 31.809999 124.93000 31.809999 0.5
124.93000 31.790001 124.93000 31.790001 0.5
124.93000 31.770000 124.93000 31.770000 0.5
124.95000 31.850000 124.95000 31.850000 0.5
124.95000 31.830000 124.95000 31.830000 0.5
124.95000 31.809999 124.95000 31.809999 0.5
124.95000 31.790001 124.95000 31.790001 0.5
124.95000 31.770000 124.95000 31.770000 0.5
124.97000 31.850000 124.97000 31.850000 0.5
124.97000 31.830000 124.97000 31.830000 0.5
124.97000 31.809999 124.97000 31.809999 0.5
124.97000 31.790001 124.97000 31.790001 0.5
124.97000 31.770000 124.97000 31.770000 0.5
124.99000 31.850000 124.99000 31.850000 0.5
124.99000 31.830000 124.99000 31.830000 0.5
124.99000 31.809999 124.99000 31.809999 0.5
124.99000 31.790001 124.99000 31.790001 0.5
125.01000 31.870001 125.01000 31.870001 0.5
125.01000 31.850000 125.01000 31.850000 0.5
125.01000 31.830000 125.01000 31.830000 0.5
125.01000 31.809999 125.01000 31.809999 0.5
125.01000 31.790001 125.01000 31.790001 0.5
125.03000 31.830000 125.03000 31.830000 0.5
125.03000 31.809999 125.03000 31.809999 0.5
125.03000 31.790001 125.03000 31.790001 0.5
125.11000 31.889999 125.11000 31.889999 0.5
125.13000 31.889999 125.13000 31.889999 0.5
125.13000 31.870001 125.13000 31.870001 0.5
125.13000 31.850000 125.13000 31.850000 0.5
125.13000 31.830000 125.13000 31.830000 0.5
125.13000 31.809999 125.13000 31.809999 0.5
125.15000 31.889999 125.15000 31.889999 0.5
125.15000 31.870001 125.15000 31.870001 0.5
125.15000 31.850000 125.15000 31.850000 0.5
125.15000 31.830000 125.15000 31.830000 0.5
125.17000 31.910000 125.17000 31.910000 0.5
125.17000 31.889999 125.17000 31.889999 0.5
125.17000 31.870001 125.17000 31.870001 0.5
125.17000 31.850000 125.17000 31.850000 0.5
125.17000 31.830000 125.17000 31.830000 0.5
125.19000 31.910000 125.19000 31.910000 0.5
125.19000 31.889999 125.19000 31.889999 0.5
125.19000 31.870001 125.19000 31.870001 0.5
125.19000 31.850000 125.19000 31.850000 0.5
125.19000 31.830000 125.19000 31.830000 0.5
125.21000 31.910000 125.21000 31.910000 0.5
125.21000 31.889999 125.21000 31.889999 0.5
125.21000 31.870001 125.21000 31.870001 0.5
125.21000 31.850000 125.21000 31.850000 0.5
125.21000 31.830000 125.21000 31.830000 0.5
125.23000 31.910000 125.23000 31.910000 0.5
125.23000 31.889999 125.23000 31.889999 0.5
125.23000 31.870001 125.23000 31.870001 0.5
125.23000 31.850000 125.23000 31.850000 0.5
125.25000 31.930000 125.25000 31.930000 0.5
125.25000 31.910000 125.25000 31.910000 0.5
125.25000 31.889999 125.25000 31.889999 0.5
125.25000 31.870001 125.25000 31.870001 0.5
125.25000 31.850000 125.25000 31.850000 0.5
125.27000 31.930000 125.27000 31.930000 0.5
125.27000 31.910000 125.27000 31.910000 0.5
125.27000 31.889999 125.27000 31.889999 0.5
125.27000 31.870001 125.27000 31.870001 0.5
125.27000 31.850000 125.27000 31.850000 0.5
125.29000 31.910000 125.29000 31.910000 0.5
125.29000 31.889999 125.29000 31.889999 0.5
125.29000 31.870001 125.29000 31.870001 0.5
125.29000 31.850000 125.29000 31.850000 0.5
125.39000 32.049999 125.39000 32.049999 0.5
125.39000 32.029999 125.39000 32.029999 0.5
125.39000 31.950001 125.39000 31.950001 0.5
125.39000 31.930000 125.39000 31.930000 0.5
125.39000 31.910000 125.39000 31.910000 0.5
125.39000 31.889999 125.39000 31.889999 0.5
125.41000 32.049999 125.41000 32.049999 0.5
125.41000 32.029999 125.41000 32.029999 0.5
125.41000 32.009998 125.41000 32.009998 0.5
125.41000 31.969999 125.41000 31.969999 0.5
125.41000 31.950001 125.41000 31.950001 0.5
125.41000 31.930000 125.41000 31.930000 0.5
125.41000 31.910000 125.41000 31.910000 0.5
125.41000 31.889999 125.41000 31.889999 0.5
125.43000 32.029999 125.43000 32.029999 0.5
125.43000 32.009998 125.43000 32.009998 0.5
125.43000 31.990000 125.43000 31.990000 0.5
125.43000 31.969999 125.43000 31.969999 0.5
125.43000 31.950001 125.43000 31.950001 0.5
125.43000 31.930000 125.43000 31.930000 0.5
125.43000 31.910000 125.43000 31.910000 0.5
125.43000 31.889999 125.43000 31.889999 0.5
125.45000 32.029999 125.45000 32.029999 0.5
125.45000 32.009998 125.45000 32.009998 0.5
125.45000 31.990000 125.45000 31.990000 0.5
125.45000 31.969999 125.45000 31.969999 0.5
125.45000 31.950001 125.45000 31.950001 0.5
125.45000 31.930000 125.45000 31.930000 0.5
125.45000 31.910000 125.45000 31.910000 0.5
125.45000 31.889999 125.45000 31.889999 0.5
125.45000 31.870001 125.45000 31.870001 0.5
125.45000 31.850000 125.45000 31.850000 0.5
125.45000 31.830000 125.45000 31.830000 0.5
125.45000 31.809999 125.45000 31.809999 0.5
125.45000 31.790001 125.45000 31.790001 0.5
125.47000 32.029999 125.47000 32.029999 0.5
125.47000 32.009998 125.47000 32.009998 0.5
125.47000 31.990000 125.47000 31.990000 0.5
125.47000 31.969999 125.47000 31.969999 0.5
125.47000 31.950001 125.47000 31.950001 0.5
125.47000 31.930000 125.47000 31.930000 0.5
125.47000 31.910000 125.47000 31.910000 0.5
125.47000 31.889999 125.47000 31.889999 0.5
125.47000 31.870001 125.47000 31.870001 0.5
125.47000 31.850000 125.47000 31.850000 0.5
125.47000 31.830000 125.47000 31.830000 0.5
125.49000 32.009998 125.49000 32.009998 0.5
125.49000 31.990000 125.49000 31.990000 0.5
125.49000 31.969999 125.49000 31.969999 0.5
125.49000 31.950001 125.49000 31.950001 0.5
125.49000 31.930000 125.49000 31.930000 0.5
125.49000 31.910000 125.49000 31.910000 0.5
125.49000 31.889999 125.49000 31.889999 0.5
125.49000 31.870001 125.49000 31.870001 0.5
125.49000 31.850000 125.49000 31.850000 0.5
125.51000 32.009998 125.51000 32.009998 0.5
125.51000 31.990000 125.51000 31.990000 0.5
125.51000 31.969999 125.51000 31.969999 0.5
125.51000 31.950001 125.51000 31.950001 0.5
125.51000 31.930000 125.51000 31.930000 0.5
125.51000 31.910000 125.51000 31.910000 0.5
125.51000 31.889999 125.51000 31.889999 0.5
125.51000 31.870001 125.51000 31.870001 0.5
125.53000 32.009998 125.53000 32.009998 0.5
125.53000 31.990000 125.53000 31.990000 0.5
125.53000 31.969999 125.53000 31.969999 0.5
125.53000 31.950001 125.53000 31.950001 0.5
125.53000 31.930000 125.53000 31.930000 0.5
125.53000 31.910000 125.53000 31.910000 0.5
125.53000 31.889999 125.53000 31.889999 0.5
125.55000 32.009998 125.55000 32.009998 0.5
125.55000 31.990000 125.55000 31.990000 0.5
125.55000 31.969999 125.55000 31.969999 0.5
125.55000 31.950001 125.55000 31.950001 0.5
125.55000 31.930000 125.55000 31.930000 0.5
125.55000 31.910000 125.55000 31.910000 0.5
125.57000 31.990000 125.57000 31.990000 0.5
125.57000 31.969999 125.57000 31.969999 0.5
125.57000 31.950001 125.57000 31.950001 0.5
125.57000 31.930000 125.57000 31.930000 0.5
125.59000 31.990000 125.59000 31.990000 0.5
125.59000 31.969999 125.59000 31.969999 0.5
125.59000 31.950001 125.59000 31.950001 0.5
125.59000 31.930000 125.59000 31.930000 0.5
125.61000 31.990000 125.61000 31.990000 0.5
125.61000 31.969999 125.61000 31.969999 0.5
125.61000 31.950001 125.61000 31.950001 0.5
125.63000 31.990000 125.63000 31.990000 0.5
125.63000 31.969999 125.63000 31.969999 0.5
125.65000 31.990000 125.65000 31.990000 0.5
